0.61108
0.6051122
0.6256974
0.1379137
0.6342917
0.5962564
0.4643644
-0.8152885
-0.1471424
0.6222754
-0.1639076
-0.6635997
-0.8458415
-1.013805
0.5957128
-0.1217655
0.2111932
0.4637263
-0.5349546
0.4624422
0.4323287
0.02751537
-0.5005594
0.07966309
0.5372123
-0.05519768
-0.1645802
-0.1565951
0.4558564
0.8692142
-0.09546269
0.6085752
0.09842239
-0.05867494
0.9620598
-0.1062694
-0.03436651
0.1879275
-0.05092374
0.9607705
0.05300782
-0.4475547
-0.4428786
-0.7006268
0.5866384
-0.007992204
0.842343
-0.1715759
-0.028474
0.2494113
-0.4198574
0.8237208
-0.07824168
-0.5263612
-0.3833702
0.7831537
-0.2969707
-0.3807629
0.5946162
0.5913173
0.6099237
0.5883997
0.002194469
-0.2825324
-0.3635072
-0.5381744
-0.3060591
-0.0113738
-0.1071474
-0.1137285
-0.08450524
-0.2776969
-0.1633202
0.001790896
-0.04461585
0.3939077
-0.1901047
-0.1920725
-0.2534179
-0.2111353
-0.119186
-0.1999069
0.6798474
0.3288582
-0.3283403
0.3111949
-0.2915569
-0.07780553
-0.2587677
-0.4658764
0.377327
0.3620196
-0.03910224
0.7949771
-0.4555714
-0.289613
-0.3595049
-0.1174245
-0.1257667
0.4212483
-0.590459
-0.2883295
0.2023505
0.001304413
0.3432002
-0.1559587
1.088462
-0.5592049
1.695507
0.9320963
-0.4379895
-0.4361218
-0.6003047
-0.4431618
1.096129
-0.4292047
0.02194441
0.2836802
-0.1822426
-0.6179023
0.05615334
0.1538788
-1.744602
-0.4166846
-0.3734883
-0.1548612
-0.663994
-0.4466019
0.1957719
-0.9195869
-0.08850841
-0.2779248
-0.1733354
-0.04012135
-0.428124
0.2217602
-0.5084021
-0.02203196
0.6949601
-0.5125136
-0.4991446
1.349143
-0.3969738
0.8079428
-0.2326717
-0.8272222
-0.2976476
-0.378885
-0.4197558
-0.7689726
-0.5875311
-0.6477753
0.8859189
-0.35183
-0.7826275
-0.6187208
-0.5980004
-0.07009193
-0.7672853
0.9451271
0.07178781
0.8854391
0.1284428
-0.5018901
-0.05973045
-0.5427815
-0.2718763
-0.1802387
-0.2959605
-0.2906485
-0.2686624
-0.7660216
-0.9133037
-0.3411185
0.01565054
-0.5016951
-0.3775884
-0.4186878
-0.3772615
-0.1094359
1.016086
-0.01749898
-0.5608627
-0.3490039
-0.4263851
-0.1308161
-0.7697883
-0.1462507
-0.2615987
-0.1257372
-0.3551362
-0.2892477
-0.3851914
-0.3517314
-0.3829414
-0.3529845
-0.2938586
-0.1531883
-0.3988961
-0.4192483
-0.3740304
0.2991557
-0.4197421
-0.3659074
-0.1505701
-0.3799595
-0.6541582
-0.3840946
-0.2354445
-0.3861998
-0.3187112
0.4266093
-0.06044251
-0.275708
0.2330135
-0.374036
-0.2489223
-0.4798977
-0.3792299
-0.300395
-0.03019088
-0.3553049
-0.2633069
-0.1147263
-0.3950597
-0.2685968
-0.3436636
-0.5046281
1.821714
-0.3453714
-0.6888061
-0.3711644
-0.3821479
-0.736849
-0.29437
-0.3409596
-0.1341067
-0.7208775
-0.3997811
0.1409637
-0.2919398
-0.3109107
-0.6032666
-0.4159469
-0.2187917
-0.04317431
-0.2195288
-0.2322002
-0.08222837
-0.2131716
-0.2542082
-0.4400952
-0.1879142
-0.553353
0.718457
-0.2054498
-0.6967104
-0.6043479
-0.3814464
-0.02261328
0.2146583
-0.5411742
1.296226
-0.3653284
-0.09508634
-0.4545937
-0.4124012
-0.1774108
-0.414758
1.689888
-1.449355
-0.3919672
-0.2561514
-0.1375014
0.1349235
-0.5103999
-0.4928261
-0.3927281
0.5410723
-0.2862805
-0.6662007
-0.2180965
-0.1616064
-0.2179365
-0.3707068
-0.5214019
-0.4832119
-0.3607755
-0.1085904
-1.009598
0.01244451
-0.3557525
-0.5705081
0.2253484
-0.427701
-0.1262198
-0.08364916
0.07952105
-0.2231844
-0.3315669
-0.1219208
1.008081
-0.4640095
-0.3078172
-0.2858732
-0.2586481
0.4376377
-0.1596968
0.8212773
-0.2868717
0.4547452
-0.5059857
0.3794945
-0.8724256
-0.3084119
-0.4063259
-0.3330294
-0.1564524
-0.4774107
-0.04673765
1.458676
-0.8113124
0.7862369
-0.1788929
-0.3250451
0.5373513
0.01658396
-0.6295958
-0.2648854
2.543936
-0.4825901
-0.6287374
-0.1799669
-0.4822843
-0.3161301
-0.5851033
-0.2168655
-0.3034531
-0.3435747
-0.5157983
8.116937e-05
-0.3406087
-0.7391077
-0.6579113
-0.1968253
-0.4370663
-0.820355
-0.187465
-0.2943214
0.005800795
-0.255257
-0.5231521
-0.3142691
0.1987268
-0.2372793
-0.6144455
0.9725991
0.3336251
-0.4532848
-0.6025403
-0.4980225
-0.4842438
0.2693569
-0.5910417
-0.4487448
-0.8302653
0.06054138
-0.5918683
-0.180091
-0.5499215
-0.1346694
-0.6550147
-0.4598006
0.528911
-0.2335815
-0.1910321
-0.347392
-0.1410407
-0.8459283
-0.5377065
2.089088
0.02243566
-0.4151483
-0.0471361
1.001134
0.001706358
-0.1629167
-0.2512497
0.1515051
-0.3491696
-0.3369783
-0.2680776
0.146647
0.4973747
-0.5535784
-0.05723579
-0.3186374
0.5477975
-0.7138155
-0.03616454
-0.6553863
-0.63388
-0.4204967
-0.0781974
0.3682536
-0.4026832
0.5074909
0.7999735
0.9270287
1.514957
-0.2954089
-0.3088288
-0.659544
-0.2319614
0.1186099
-0.2381089
0.3954154
-0.5739939
4.606399
-0.5841685
0.9807858
-0.05156214
-0.5361029
0.595019
0.8761685
-0.2007161
-0.3770535
0.144702
-0.30146
1.436643
-0.2243136
0.2991013
-0.458212
-0.1389561
-0.1044504
0.04763213
-0.5635792
0.7999155
-0.3560736
-0.2423883
-0.6428238
-0.6749171
-0.452962
-0.2551655
0.4099296
0.357284
-0.7609682
-0.3406232
-0.1486076
2.969429
-0.02686135
0.005354876
-0.6697739
-0.3690202
0.143814
-0.6538082
1.529743
0.286715
0.0653486
-0.05713999
-0.4880592
-0.2626744
0.2824581
-0.4829816
-0.3471899
-0.7178143
-0.2103534
-0.6157344
1.646762
0.2707149
-0.09546471
-0.7045129
-0.7414659
-0.6054457
-0.1992884
-0.1595953
-0.7641036
-0.002754362
-0.1316131
0.5569115
-0.181577
0.1497744
0.214651
-0.1934953
-0.2852183
0.149682
0.08060979
-0.1019226
-0.2235376
0.6521624
-0.2520842
-0.2343935
4.421763
0.8146634
-0.1841342
0.492587
-0.6675667
-0.224106
0.3534365
-0.4184503
-0.4417931
-0.422399
-0.4856164
-0.7853795
-0.6754492
0.807984
3.812459
0.4976508
-0.758206
-0.1484632
-0.1586462
-0.1608326
-0.4503112
-0.594512
0.4125386
-0.1418348
-0.4995612
-0.2516724
-0.201017
-0.1748246
0.8768691
-0.259709
0.7680086
-0.6729569
-0.7160875
0.7021843
-0.3917018
-0.1569434
0.4199204
-0.2624889
-0.3507483
-0.5664968
-0.2872266
-0.6112978
-0.21583
-0.4160575
-0.4639627
-0.09425046
1.941999
-0.4728228
-0.3537875
-0.3653674
-0.3633465
0.0004930153
-0.3114274
1.947151
-0.2433222
-0.708265
0.5581885
2.609302
-0.2870139
-0.1615431
-0.2337487
-0.6890756
0.7013833
-0.04161011
-0.2116298
2.278375
-0.4388782
-0.1428941
-0.6929075
-0.2169698
-0.132598
-0.5237874
-0.3817028
1.819143
-0.4464086
-0.363722
-0.347348
-0.4914154
-0.4447537
-0.3371687
-0.4535164
-0.1804591
-0.2165339
0.1774267
-0.08553269
3.272698
0.6384906
-0.7499814
-0.2680945
0.4051512
-0.5613756
-0.2840504
0.9988367
-0.1266979
0.03448773
0.7148606
-0.3033555
-0.2681478
-0.3104569
-0.2088012
0.574297
-0.2426038
-0.3819673
-0.3387236
-0.2688859
1.761516
-0.3039644
0.866698
-0.4119885
-0.1563133
-0.3323936
-0.2824466
-0.2247142
-0.003938847
-0.03722837
-0.2797401
-0.5687938
2.053371
0.1539221
0.6871536
0.05024825
-0.1238743
0.04626012
0.06574318
-0.05663114
-0.1542598
0.2643366
-0.3156574
-0.6297955
-0.2700754
-0.5767572
-0.3377563
0.3114885
-0.2858133
0.3016415
-0.1375664
-0.08725085
-0.2695895
-0.4226847
-0.2767935
-0.2853048
-0.237991
4.470305
0.06274083
-0.3433289
1.620574
-0.1724067
1.461969
-0.3906385
-0.02674124
0.234368
-0.4421367
-0.2013699
-0.6675083
-0.2592207
0.1808395
-0.5691558
2.550195
-0.03340679
-0.09316184
0.3552799
2.326725
-0.1941562
-0.367955
-0.3808169
0.1226401
0.1684194
0.01334443
-0.459099
0.6267304
-0.3146371
1.262994
0.2555826
0.5611452
-0.1217215
-0.4925254
-0.3477013
-0.05790518
-0.1682374
-0.5382592
-0.3483257
-0.617801
-0.03553275
-0.4281502
0.02876787
0.6920882
-0.2104887
0.2007187
-0.2965525
-0.4161717
-0.240885
-0.3164523
-0.1218616
-0.1245228
-0.346433
-0.1628528
-0.6206564
-0.01931944
-0.1932106
-0.6596872
2.045577
1.192204
-0.2094706
-0.3276842
-0.4186678
-0.4614834
0.1733292
-0.246176
-0.7039309
-0.2241174
0.2253584
-0.007928309
-0.2044398
-0.361693
-0.0819833
-0.1707339
0.9518769
1.221608
2.622948
-0.2280891
-0.4768246
1.342875
0.2738837
-0.5547322
-0.5617202
-0.5210714
-0.5941154
-0.1400981
-0.1293269
0.1869155
-0.2362053
-0.5062657
0.007825394
0.008882045
-0.222687
-0.08173438
0.7857855
-0.3777242
-0.06126961
0.1797013
-0.4010211
0.004684147
-0.3689395
-0.335018
-0.1770367
-0.3550192
0.7109293
-0.346846
3.443141
-0.2839343
-0.3762637
-0.08380131
-0.5988848
0.0529262
-0.03567838
-0.4272335
-0.1654547
-0.6977727
-0.2290197
-0.671224
-0.4225253
-0.2650657
-0.5098779
-0.1950961
0.1569132
-0.2271176
-0.5974415
-0.4313386
-0.3590947
0.3813941
-0.4245361
2.105337
-0.2836154
0.1211047
-0.2008929
-0.4851345
-0.1466027
-0.2174537
0.5607585
-0.2513454
-0.3866723
-0.1743086
-0.4132758
0.2845188
-0.1817489
2.238087
-0.4523452
-0.09714918
-0.3736177
-0.2434755
-0.269991
-0.150829
-0.2587547
-0.1595027
0.2995052
-0.2441988
-0.2077966
0.04800339
-0.1937327
-0.1429166
-0.1511849
3.18634
-0.6050898
-0.6134169
-0.2991959
-0.2858223
-0.1981699
-0.3232986
-0.1740116
-0.1519507
-0.1885427
-0.2167635
-0.1250072
-0.3246787
-0.2446917
-0.3180444
0.3363017
-0.4296156
-0.1914978
1.199378
0.5249337
0.08714132
-0.2885381
1.936191
-0.5701421
-0.2472912
-0.5715004
-0.5570794
1.092192
-0.6044081
-0.5495204
-0.1729525
0.1944906
-0.2278127
-0.1469134
-0.2191486
-0.2264721
-0.3426143
0.2582949
-0.294819
-0.2471947
0.1444481
-0.3880949
-0.0684552
2.412611
-0.1276906
-0.3453989
-0.3368507
-0.5290369
0.3223492
-0.5021157
-0.2275506
-0.388323
-0.2529503
-0.1818192
-0.2938122
-0.7000041
-0.2070388
-0.6258612
-0.2076716
-0.2314754
-0.07039393
-0.3666002
-0.2212286
-0.1357135
-0.2021649
0.07477942
-0.3656515
0.2142588
-0.4063007
0.1282181
-0.5307939
-0.2009266
-0.2288158
-0.8651379
-0.2643338
0.5835209
1.191597
-0.2272603
-0.3087309
1.061826
-0.411611
-0.5991738
-0.002465493
-0.2317342
-0.6163028
-0.2708721
-0.374918
-0.101303
-0.5403971
-0.1054942
-0.06727275
-0.5145555
-0.1900049
-0.4866761
-0.06259494
-0.1695237
0.4045472
4.054625
-0.2038299
-0.3411673
-0.128487
-0.07727115
-0.1416078
0.03867128
-0.3356894
-0.1901564
0.2224934
-0.1054727
-0.3655046
-0.2750763
-0.2398487
3.786841
-0.5579405
-0.3421287
0.9123105
-0.5802436
0.009573831
-0.4650615
-0.07661796
-0.2108476
0.08950691
-0.131077
0.8777476
-0.1471885
-0.1412968
0.500273
-0.0585899
-0.05280757
-0.2168476
-0.3495099
-0.5145706
0.7565621
-0.5960979
-0.2094179
-0.3094844
-0.06480893
0.007804494
-0.1577945
-0.4026451
0.441907
-0.7204419
0.3439633
-0.1434877
-0.3205917
-0.5779018
-0.1822788
-0.01040498
0.8053612
-0.4022014
-0.3706658
0.861864
-0.5474236
0.1621219
3.098568
-0.4715248
-0.07923957
-0.4130259
-0.2293608
0.4725945
-0.1944229
0.1528701
-0.2301608
-0.5265555
0.0349909
-0.2703105
1.930923
-0.3765582
-0.1497895
-0.5613735
3.111671
-0.141574
0.2376559
-0.1489206
-0.3167095
0.636136
-0.5216975
3.323085
-0.6517412
-0.007154091
-0.1358986
3.422581
-0.09046742
-0.5314033
-0.1522605
-0.1082226
-0.3464281
-0.5789043
-0.5635495
-0.1283825
-0.3091696
-0.2744014
0.1401387
0.09132961
0.149234
-0.1967103
-0.2431024
0.677079
-0.4871757
0.7438874
-0.1450918
-0.6063124
-0.5715735
-0.3341117
-0.1476597
0.03470505
-0.4495639
0.01155648
0.2806808
-0.5664466
-0.0958104
-0.1497658
-0.5677858
3.116713
-0.006183006
-0.3077691
-0.09992257
-0.1877645
-0.3130336
0.08762158
-0.5238274
-0.3339663
0.8491755
-0.1124506
-0.5801388
-0.1870357
-0.1715092
-0.1258781
4.550648
-0.0926563
-0.2966343
3.818175
0.2944378
0.009689381
0.3021205
-0.2342216
0.6297764
-0.2625837
0.07123874
-0.2348394
-0.5719318
-0.3039782
-0.508949
-0.3047978
-0.4557649
-0.5716913
-0.3934298
3.69612
0.4952563
0.252079
0.006197715
-0.3816893
-0.1909388
-0.4921966
-0.3229161
-0.2420149
-0.04021097
-0.1402567
-0.2918184
-0.2991071
-0.1923976
0.2582924
-0.3148559
-0.7043098
-0.2439573
-0.319002
-0.1635952
1.393392
3.470617
-0.3428955
0.1116416
-0.333441
-0.4800068
0.2431585
0.04940757
-0.2238395
0.2074422
-0.02044308
-0.2941378
-0.4135618
-0.1923749
-0.2452573
3.226555
0.1140049
-0.5217788
-0.18235
-0.6185632
0.80609
-0.5775035
-0.2262067
-0.2068307
-0.3869823
-0.4153883
-0.1912744
-0.4279231
0.01985048
0.008378569
-0.1603815
-0.1458155
0.1983746
-0.1911792
1.540228e-05
-0.2538049
0.4328782
-0.4333175
-0.2728229
-0.1253274
-0.320009
-0.1471647
-0.2344906
0.1200967
-0.2224249
-0.06385271
-0.3952578
-0.09677002
-0.1958984
-0.05157553
-0.1350109
3.405415
-0.3083336
-0.3855286
-0.283492
-0.1293302
-0.4577525
-0.1197167
0.8171332
-0.3834518
-0.2192965
-0.479171
-0.2800606
-0.3521332
-0.108422
-0.2725158
0.4153416
-0.0397203
0.05161501
0.6267517
-0.1609455
-0.3457204
0.3822449
0.02131911
-0.284663
-0.2230521
-0.219412
-0.1377045
-0.3835529
-0.3760155
-0.330823
-0.2452974
-0.1790479
0.04911179
0.0746005
-0.6454511
-0.4846446
-0.3082357
-0.5310649
-0.1089366
1.078378
0.009881565
-0.4802302
-0.3520035
-0.1439011
3.550885
-0.0007976388
-0.2718167
0.3868674
0.5047544
0.4186972
-0.155128
-0.1868247
-0.1787371
-0.4845455
-0.1771918
-0.08813151
-0.1113162
-0.3476155
-0.1912661
-0.1286518
-0.1665248
-0.1389397
-0.09416365
-0.2179215
0.4147166
0.8295776
-0.04815678
-0.1441664
-0.1824015
-0.2698773
-0.03360301
-0.2244056
-0.3390084
-0.1881194
-0.2682714
-0.2524571
-0.170753
0.07315582
-0.3633215
1.07731
-0.5646209
1.855375
1.889389
0.4915552
-0.1564428
-0.2590245
0.0381541
-0.3324643
0.5730335
-0.1171321
-0.2459293
-0.3120372
-0.1972131
-0.943497
-0.3653758
0.5824026
-0.1667448
-0.09719169
-0.3151402
-0.1769064
-0.3129436
-0.01939165
0.08905308
-0.2817712
1.038071
0.2204879
-0.1564565
0.08707301
0.9497159
-0.1945954
-0.1342524
-0.1116552
-0.6822486
-0.3615396
0.1867085
-0.6736341
-0.2008281
0.2188992
-0.1722046
-0.3043132
1.840045
2.076284
-0.2380518
0.1603793
-0.30671
-0.4071604
1.821073
0.005432494
-0.3729197
-0.1734562
-0.2428862
0.3688582
-0.1451494
-0.2912134
-0.4610424
0.3453683
-0.3992438
-0.2741447
-0.1880767
-0.2748947
-0.2531447
-0.2136557
-0.2570978
-0.2041158
-0.3259587
-0.1200899
-0.5666214
-0.6917085
0.03364348
0.04054858
0.2533512
0.31678
-0.3972946
1.226714
-0.573151
-0.5238413
-0.1082548
-0.2859233
-0.4156109
-0.07101859
0.09389778
0.2039794
-0.1385832
0.3413771
-0.3808711
-0.3535786
-0.4339784
0.1048648
-0.1082978
-0.09074853
4.698689
-0.09977611
1.094656
-0.2243769
0.3130217
-0.03800116
-0.5327348
-0.3044991
0.502019
0.1226251
-0.4297899
-0.08270944
-0.2544305
-0.04481074
-0.1812887
-0.6205554
-0.4503358
0.023476
-0.1382084
-0.04032605
-0.1276986
-0.4162016
-0.1479387
0.1103358
-0.2545409
0.2600723
-0.029046
0.527044
-0.2376993
0.7890743
0.6890057
0.1619777
-0.05771121
-0.1577978
-0.3220575
-0.07313984
-0.3066082
0.4961078
-0.364383
0.0282612
-0.09183545
-0.4756727
-0.3279408
0.04884067
-0.3927491
-0.433915
-0.3123668
-0.09106543
-0.3940129
0.1418973
-0.6457459
0.03353215
-0.1780798
0.03965131
-0.1515565
-0.08107436
-0.2618049
-0.1082085
-0.1069969
-0.005541179
-0.3500707
-0.1952903
0.6608212
-0.1056175
0.4720281
0.2615349
3.483468
0.9375255
0.8565297
-0.05197735
0.4917863
0.3565431
-0.03802938
0.251295
-0.1084914
0.7016843
0.6051022
0.2939003
0.5387676
0.02479034
-0.3436677
0.500491
-0.1006767
0.06228198
-0.05510209
-0.289732
-0.1542247
-0.1845374
-0.2205697
-0.4763732
0.03201528
-0.1544175
-0.1409142
0.6559745
-0.06144551
0.438766
-0.2257265
-0.3769629
-0.169281
-0.1273148
-0.2851442
-0.03741294
-0.5422022
0.5435425
-0.3882949
-0.2923473
-0.1483381
-0.2153381
1.230877
-0.2639058
-0.07209204
-0.04930705
0.2638292
-0.186344
-0.008202538
0.7780222
-0.2645287
-0.3337143
0.4193971
-0.1384926
0.1293889
-0.01067553
-0.3292068
0.3438759
-0.1950181
2.12798
-0.1931537
0.962638
14.72291
0.05226844
-0.4208728
-0.06418908
0.7226103
-0.2757747
-0.1929968
-0.1872557
-0.1403579
-0.2077925
-0.1445686
-0.252429
-0.3723974
-0.2739452
0.4127928
-0.1317733
-0.29439
0.07553656
-0.1230448
-0.2460587
-0.1163285
-0.1687499
-0.3275751
-0.3462085
0.02992676
-0.1177076
-0.2166189
-0.2847811
-0.1786605
-0.5002983
-0.01564077
-0.1454945
0.3564012
0.5064028
-0.4722689
-0.1470732
0.5304859
0.8783411
-0.07776355
-0.06934331
0.08516126
-0.2087345
-0.1290152
0.5401668
-0.3027077
-0.2689621
-0.282511
-0.3415573
-0.248892
-0.2434884
-0.2570277
-0.2733367
0.1633706
-0.2848091
0.0768348
-0.4077882
0.2054777
-0.103712
0.3369041
-0.04418966
-0.313488
-0.1390388
-0.5421068
0.9859201
-0.3523504
1.160305
0.5843963
0.3114055
3.049146
-0.4500008
-0.1429778
-0.4084531
-0.1458183
-0.09954179
0.1397077
-0.3499637
0.06769568
-0.03248069
-0.1642659
-0.198228
-0.2539787
-0.1803303
-0.1263986
-0.1686033
-0.09703116
-0.1945866
-0.3951314
-0.1861989
-0.2029262
-0.08747968
-0.09498214
-0.2680766
-0.3273579
-0.263131
-0.197977
-0.4353614
-0.1359955
-0.52813
2.325302
3.029269
-0.5119758
0.185072
0.07687248
0.138706
0.04140746
-0.3036511
-0.3750342
1.634618
-0.09405805
-0.3755291
-0.1636685
0.04628031
-0.2637834
-0.1292501
0.08021154
3.141809
0.4333984
-0.2377869
0.05278817
-0.3248995
-0.1528719
-0.3481866
-0.000904057
7.879081
-0.358307
-0.2784567
-0.2475872
-0.04525365
-0.3151015
-0.2815045
0.9121145
-0.5506892
-0.2735333
0.6451361
-0.6448155
-0.1765353
0.1329596
-0.09700111
-0.2927287
2.805544
-0.2144025
-0.1654551
0.1309889
-0.4079597
0.04740538
0.3792934
-0.2204128
-0.3428731
1.037435
-0.01984664
-0.1113263
-0.3676472
-0.6319817
0.4937671
-0.5780884
-0.3373985
-0.4888397
-0.08031611
-0.2884773
0.3017108
0.3891862
-0.1160253
-0.3240143
-0.3588373
-0.2501361
-0.02970153
-0.01371059
0.3181978
-0.4167774
0.2031152
-0.02524769
-0.2074473
-0.616671
-0.1148494
-0.3620575
-0.2539091
-0.1036918
-0.1403357
-0.1928852
0.04372776
-0.4240417
1.523071
0.1513439
-0.1015181
0.07268182
-0.1543252
0.1576153
-0.05152476
-0.2267204
-0.5565104
-0.3320693
-0.134425
0.03491858
-0.2513875
-0.08016409
-0.01904366
-0.119426
-0.1796544
-0.036314
1.681808
-0.1507457
0.0201452
0.3354661
-0.4787126
-0.0947092
0.1299625
-0.1134465
0.5800236
-0.3592925
-0.1549924
-0.3132367
0.1940865
-0.347489
0.1889461
-0.1205894
4.552332
6.895831
0.006551107
0.8096164
0.5431774
-0.08654688
0.6024458
1.709719
1.654991
0.04562366
0.7760022
0.1204043
-0.3007791
0.5144635
2.600825
-0.0277995
-0.4611489
-0.1551577
-0.3011206
-0.3444612
-0.5114657
0.04224958
-0.3384586
-0.1420545
0.1688673
-0.326568
-0.1017285
-0.4107737
0.1630133
-0.4199787
-0.1310599
0.2476651
0.5140249
-0.06342409
-0.3404221
-0.1976824
-0.1888313
0.3127996
0.1298335
0.4546067
-0.463582
-0.1464003
-0.02977982
0.1721473
0.06884505
-0.1141462
0.06200219
-0.1897751
1.379859
-0.3054056
-0.00920802
-0.3311039
-0.242147
-0.1809177
-0.1642478
-0.3589609
0.1092638
-0.01597974
-0.3220991
-0.2556146
0.3995322
-0.1243225
0.1816681
0.9059038
-0.1945918
-0.1165729
0.0405716
-0.1435483
-0.1911914
-0.2288303
1.074976
0.2862347
-0.2861355
0.333884
-0.2269983
-0.03486394
-0.1054701
-0.1039276
-0.08193323
-0.224421
0.2085258
0.07458593
-0.3427942
-0.1320344
-0.04834602
-0.3740263
-0.4370539
-0.2261222
0.3310599
0.4003661
-0.3149804
-0.492701
-0.1779636
-0.003825846
0.5059319
-0.2126729
0.008266839
0.1389404
-0.07212882
0.233182
-0.2279551
-0.4134382
-0.1645548
0.1843002
-0.2250123
-0.7347882
-0.1511003
0.5750561
-0.3845417
3.316224
-0.3449202
-0.09960454
0.9777562
0.5872565
-0.2984951
-0.1850128
-0.1187332
-0.2988935
-0.4652896
-0.06708234
-0.04051366
0.2121656
-0.111059
-0.2975485
-0.1686993
-0.2617587
-0.239328
-0.07701957
0.01940253
0.1017312
0.6840498
-0.1504158
-0.08838333
-0.2251671
-0.09194932
0.7718561
0.5930462
2.903557
-0.09846578
-0.2291487
-0.09269218
-0.3144331
-0.0165306
-0.01624084
-0.07829955
-0.2035245
-0.1824485
-0.3080766
1.380576
-0.185198
-0.1456417
-0.04549877
0.8955313
-0.225938
0.02176296
0.0289182
0.07623105
2.39212
10.81253
0.2190669
-0.149629
0.09876069
-0.0314933
0.7228828
0.3303658
-0.2459025
-0.0932441
0.08268893
-0.1099142
-0.3309288
-0.02586536
0.04045376
-0.3635631
-0.1966207
-0.2570553
0.4615734
-0.2703143
-0.1857083
0.2496929
-0.1325014
0.2363516
-0.3843389
0.2897134
0.1975323
2.081023
0.3340543
0.46934
-0.1539456
-0.6168527
-0.2333887
-0.1317327
0.3260906
-0.1848168
-0.3030235
-0.2241688
-0.06686906
-0.2689119
-0.2701535
0.5500797
0.5688363
-0.2088915
-0.08068391
0.1015959
0.3732363
-0.06756723
-0.589705
-0.08570275
-0.06601828
-0.3210532
-0.2412671
-0.1471047
0.1776873
-0.04239601
-0.04573181
-0.2428368
-0.1782308
0.3795748
3.475875
0.4296068
-0.4471836
-0.3511936
0.109025
0.3690236
-0.007870264
-0.180913
-0.05237067
-0.4763145
0.4483556
-0.363666
0.3577331
0.2223438
-0.5803247
3.395111
-0.3124655
0.002820621
0.8786224
0.01659942
-0.03909464
2.253563
-0.1723056
-0.4007558
-0.2364611
0.03278187
-0.199456
0.07398621
-0.1016323
0.6414517
3.364254
0.3605273
-0.373217
0.08670317
0.3602074
0.325049
-0.2439594
-0.5359465
0.2985462
-0.4531571
1.416993
-0.1346347
-0.3090671
-0.1007329
-0.1819895
-0.3062319
-0.3697693
1.370692
0.7260163
-0.1531019
0.8137249
0.446659
-0.1888982
-0.2023915
-0.1355366
-0.07391167
-0.3600531
0.8004277
-0.2936138
-0.3892223
-0.3747946
1.174446
-0.3468376
-0.1348543
-0.3355534
-0.04215932
-0.1605959
-0.2064634
-0.09172758
0.1760681
-0.5262164
-0.2885068
0.5530802
-0.06373356
-0.01599382
0.9234962
0.1037665
1.062055
0.02784423
-0.3078432
-0.1872045
0.5532959
1.452112
-0.06751116
-0.07368744
-0.1011278
4.60014
0.4024305
-0.3415899
0.783909
-0.3878596
-0.26006
-0.08461358
-0.3319298
0.2485385
-0.2725231
-0.4271682
-0.3480071
0.09030717
1.7213
-0.1707187
0.2691662
-0.2130616
0.08084358
-0.3089852
0.3288769
1.068711
0.06270361
-0.4232444
-0.2062157
0.06082797
-0.67993
1.679273
-0.2913324
1.74805
-0.4280442
-0.06242588
-0.2038156
0.02812192
-0.1452487
-0.3241628
-0.2497927
0.1553287
-0.2479201
-0.3655353
0.5415814
0.6339187
-0.2077025
0.05386383
-0.07864856
0.3190184
-0.5188947
-0.3049757
0.9965456
-0.08038621
0.1052791
-0.02588841
-0.2638311
-0.4453935
-0.18523
-0.2128708
-0.1254652
-0.2601204
-0.3261359
0.06964287
-0.3081768
1.346934
11.85862
-0.2435507
12.6573
-0.2205403
0.1448569
-0.3987305
-0.3347662
0.7450926
-0.501416
-0.1178053
-0.2405616
0.2060245
-0.3642961
-0.2691239
-0.05349389
-0.09131046
-0.04492953
11.75413
-0.3604087
-0.3203825
0.6385073
-0.1429806
-0.1474063
-0.07719648
-0.1571132
0.8697081
-0.1574391
0.7724973
0.08295901
-0.1747272
-0.1946156
-0.3876616
-0.03726214
0.2616267
-0.3117512
0.08104151
0.2528676
0.1084407
-0.6073071
0.7422647
0.3518962
-0.1723816
0.1389654
